MIN=0	0	0	-0,1	0
MAX=40	30	10	13	80
SCALE=40	10	5	5	10
DEC=1	2	2	2	2
DEF="Tiempo" t / s	"Tensión" U_A1 / V	"Tensión" U_B1 / V	"Corriente del colector" I_A / nA	"Tensión de aceleración" U_B / V
0	-0,045	0,005	-0,045	0,05
0,101	-0,045	0,005	-0,045	0,05
0,2	-0,045	0,005	-0,045	0,05
0,3	-0,045	0	-0,045	0
0,399	-0,045	0,005	-0,045	0,05
0,5	-0,045	0,01	-0,045	0,1
0,6	-0,045	0,035	-0,045	0,35
0,7	-0,045	0,065	-0,045	0,65
0,799	-0,045	0,095	-0,045	0,95
0,9	-0,045	0,12	-0,045	1,2
0,999	-0,045	0,15	-0,045	1,5
1,1	-0,045	0,175	-0,045	1,75
1,2	-0,045	0,205	-0,045	2,05
1,299	-0,03	0,23	-0,03	2,3
1,399	-0,03	0,255	-0,03	2,55
1,499	-0,03	0,285	-0,03	2,85
1,6	-0,03	0,31	-0,03	3,1
1,699	-0,03	0,34	-0,03	3,4
1,8	-0,03	0,365	-0,03	3,65
1,9	-0,03	0,395	-0,03	3,95
2	-0,03	0,42	-0,03	4,2
2,1	-0,03	0,45	-0,03	4,5
2,2	-0,03	0,475	-0,03	4,75
2,3	-0,03	0,5	-0,03	5
2,399	-0,03	0,53	-0,03	5,3
2,5	-0,03	0,56	-0,03	5,6
2,6	-0,03	0,585	-0,03	5,85
2,699	-0,03	0,61	-0,03	6,1
2,799	-0,03	0,635	-0,03	6,35
2,899	-0,03	0,665	-0,03	6,65
3	-0,03	0,69	-0,03	6,9
3,099	-0,03	0,72	-0,03	7,2
3,199	-0,03	0,75	-0,03	7,5
3,3	-0,03	0,77	-0,03	7,7
3,399	-0,03	0,8	-0,03	8
3,499	-0,03	0,825	-0,03	8,25
3,599	-0,03	0,855	-0,03	8,55
3,7	-0,015	0,88	-0,015	8,8
3,799	-0,015	0,91	-0,015	9,1
3,899	0,045	0,935	0,045	9,35
3,999	0,39	0,965	0,39	9,65
4,099	0,765	0,99	0,765	9,9
4,2	1,05	1,015	1,05	10,15
4,3	1,275	1,045	1,275	10,45
4,4	1,47	1,07	1,47	10,7
4,5	1,635	1,1	1,635	11
4,599	1,725	1,125	1,725	11,25
4,7	1,875	1,15	1,875	11,5
4,8	2,025	1,175	2,025	11,75
4,899	2,16	1,205	2,16	12,05
4,999	2,295	1,23	2,295	12,3
5,101	2,43	1,26	2,43	12,6
5,2	2,55	1,29	2,55	12,9
5,299	2,685	1,315	2,685	13,15
5,4	2,79	1,34	2,79	13,4
5,5	2,91	1,37	2,91	13,7
5,6	3,015	1,395	3,015	13,95
5,699	3,12	1,42	3,12	14,2
5,8	3,225	1,45	3,225	14,5
5,899	3,27	1,475	3,27	14,75
5,999	3,375	1,5	3,375	15
6,1	3,48	1,53	3,48	15,3
6,199	3,57	1,555	3,57	15,55
6,3	3,675	1,58	3,675	15,8
6,399	3,78	1,61	3,78	16,1
6,499	3,885	1,635	3,885	16,35
6,599	3,975	1,665	3,975	16,65
6,7	4,08	1,69	4,08	16,9
6,799	4,17	1,72	4,17	17,2
6,899	4,23	1,745	4,23	17,45
7	4,245	1,77	4,245	17,7
7,099	4,185	1,795	4,185	17,95
7,199	4,125	1,825	4,125	18,25
7,3	4,02	1,845	4,02	18,45
7,401	3,915	1,875	3,915	18,75
7,5	3,78	1,9	3,78	19
7,6	3,63	1,93	3,63	19,3
7,7	3,45	1,955	3,45	19,55
7,799	3,255	1,98	3,255	19,8
7,9	3,045	2,01	3,045	20,1
8	2,835	2,035	2,835	20,35
8,1	2,625	2,06	2,625	20,6
8,199	2,415	2,09	2,415	20,9
8,3	2,22	2,115	2,22	21,15
8,4	2,01	2,14	2,01	21,4
8,5	1,92	2,165	1,92	21,65
8,599	1,74	2,195	1,74	21,95
8,7	1,545	2,22	1,545	22,2
8,8	1,365	2,25	1,365	22,5
8,9	1,17	2,27	1,17	22,7
9	0,99	2,3	0,99	23
9,1	0,795	2,325	0,795	23,25
9,2	0,615	2,355	0,615	23,55
9,3	0,435	2,38	0,435	23,8
9,4	0,27	2,405	0,27	24,05
9,5	0,12	2,43	0,12	24,3
9,6	0,03	2,455	0,03	24,55
9,7	0	2,485	0	24,85
9,799	-0,015	2,51	-0,015	25,1
9,9	-0,03	2,535	-0,03	25,35
10	-0,03	2,565	-0,03	25,65
10,1	-0,03	2,59	-0,03	25,9
10,199	-0,03	2,615	-0,03	26,15
10,3	0,045	2,64	0,045	26,4
10,399	0,42	2,665	0,42	26,65
10,5	0,78	2,695	0,78	26,95
10,6	1,05	2,72	1,05	27,2
10,699	1,26	2,745	1,26	27,45
10,8	1,425	2,77	1,425	27,7
10,9	1,59	2,8	1,59	28
11	1,83	2,825	1,83	28,25
11,099	1,965	2,85	1,965	28,5
11,2	2,265	2,88	2,265	28,8
11,3	2,565	2,905	2,565	29,05
11,401	2,82	2,93	2,82	29,3
11,499	3,045	2,955	3,045	29,55
11,6	3,285	2,98	3,285	29,8
11,699	3,51	3,01	3,51	30,1
11,799	3,75	3,035	3,75	30,35
11,9	3,99	3,06	3,99	30,6
11,999	4,215	3,085	4,215	30,85
12,1	4,425	3,11	4,425	31,1
12,199	4,65	3,135	4,65	31,35
12,299	4,86	3,16	4,86	31,6
12,4	4,98	3,19	4,98	31,9
12,499	5,19	3,215	5,19	32,15
12,6	5,4	3,24	5,4	32,4
12,699	5,625	3,265	5,625	32,65
12,799	5,835	3,29	5,835	32,9
12,899	6,045	3,315	6,045	33,15
13	6,255	3,34	6,255	33,4
13,1	6,45	3,37	6,45	33,7
13,2	6,66	3,395	6,66	33,95
13,299	6,84	3,42	6,84	34,2
13,4	7,035	3,445	7,035	34,45
13,5	7,185	3,47	7,185	34,7
13,599	7,29	3,495	7,29	34,95
13,7	7,335	3,525	7,335	35,25
13,799	7,395	3,55	7,395	35,5
13,9	7,44	3,575	7,44	35,75
13,999	7,47	3,6	7,47	36
14,1	7,485	3,625	7,485	36,25
14,2	7,485	3,65	7,485	36,5
14,3	7,455	3,675	7,455	36,75
14,4	7,41	3,705	7,41	37,05
14,499	7,335	3,73	7,335	37,3
14,6	7,245	3,755	7,245	37,55
14,7	7,155	3,785	7,155	37,85
14,8	7,065	3,805	7,065	38,05
14,899	6,945	3,835	6,945	38,35
14,999	6,885	3,855	6,885	38,55
15,1	6,75	3,885	6,75	38,85
15,2	6,615	3,91	6,615	39,1
15,299	6,465	3,935	6,465	39,35
15,4	6,3	3,96	6,3	39,6
15,499	6,135	3,985	6,135	39,85
15,6	5,94	4,01	5,94	40,1
15,699	5,73	4,04	5,73	40,4
15,799	5,52	4,055	5,52	40,55
15,9	5,295	4,085	5,295	40,85
15,999	5,055	4,11	5,055	41,1
16,1	4,815	4,135	4,815	41,35
16,199	4,695	4,16	4,695	41,6
16,299	4,455	4,185	4,455	41,85
16,4	4,215	4,215	4,215	42,15
16,499	3,96	4,235	3,96	42,35
16,6	3,72	4,265	3,72	42,65
16,699	3,48	4,285	3,48	42,85
16,799	3,3	4,315	3,3	43,15
16,9	3,255	4,335	3,255	43,35
17	3,3	4,36	3,3	43,6
17,099	3,33	4,385	3,33	43,85
17,199	3,285	4,41	3,285	44,1
17,299	3,195	4,44	3,195	44,4
17,4	3,075	4,465	3,075	44,65
17,5	3	4,49	3	44,9
17,599	2,985	4,515	2,985	45,15
17,699	3,03	4,54	3,03	45,4
17,8	3,12	4,565	3,12	45,65
17,899	3,21	4,585	3,21	45,85
18	3,24	4,615	3,24	46,15
18,099	3,27	4,635	3,27	46,35
18,2	3,315	4,665	3,315	46,65
18,301	3,375	4,685	3,375	46,85
18,4	3,465	4,71	3,465	47,1
18,5	3,57	4,735	3,57	47,35
18,599	3,675	4,76	3,675	47,6
18,7	3,795	4,785	3,795	47,85
18,799	3,855	4,81	3,855	48,1
18,899	3,96	4,835	3,96	48,35
18,999	4,095	4,86	4,095	48,6
19,1	4,23	4,885	4,23	48,85
19,199	4,38	4,91	4,38	49,1
19,3	4,545	4,935	4,545	49,35
19,4	4,71	4,96	4,71	49,6
19,5	4,875	4,985	4,875	49,85
19,6	5,055	5,01	5,055	50,1
19,7	5,235	5,03	5,235	50,3
19,799	5,43	5,055	5,43	50,55
19,899	5,625	5,085	5,625	50,85
20	5,82	5,11	5,82	51,1
20,1	5,925	5,135	5,925	51,35
20,199	6,12	5,165	6,12	51,65
20,3	6,315	5,18	6,315	51,8
20,401	6,51	5,205	6,51	52,05
20,5	6,705	5,235	6,705	52,35
20,599	6,87	5,255	6,87	52,55
20,699	7,05	5,285	7,05	52,85
20,8	7,215	5,31	7,215	53,1
20,899	7,365	5,33	7,365	53,3
21,001	7,53	5,355	7,53	53,55
21,101	7,695	5,38	7,695	53,8
21,2	7,83	5,405	7,83	54,05
21,299	7,965	5,43	7,965	54,3
21,399	8,025	5,455	8,025	54,55
21,499	8,13	5,48	8,13	54,8
21,6	8,235	5,505	8,235	55,05
21,7	8,34	5,525	8,34	55,25
21,799	8,43	5,55	8,43	55,5
21,899	8,52	5,575	8,52	55,75
21,999	8,595	5,6	8,595	56
22,1	8,655	5,625	8,655	56,25
22,2	8,7	5,65	8,7	56,5
22,299	8,745	5,675	8,745	56,75
22,4	8,775	5,695	8,775	56,95
22,5	8,79	5,725	8,79	57,25
22,6	8,79	5,745	8,79	57,45
22,699	8,79	5,77	8,79	57,7
22,8	8,775	5,79	8,775	57,9
22,9	8,745	5,82	8,745	58,2
23	8,715	5,84	8,715	58,4
23,1	8,655	5,865	8,655	58,65
23,2	8,61	5,89	8,61	58,9
23,299	8,535	5,915	8,535	59,15
23,4	8,46	5,935	8,46	59,35
23,499	8,37	5,965	8,37	59,65
23,6	8,265	5,985	8,265	59,85
23,699	8,205	6,01	8,205	60,1
23,8	8,175	6,035	8,175	60,35
23,9	8,16	6,06	8,16	60,6
24	8,145	6,085	8,145	60,85
24,099	8,085	6,105	8,085	61,05
24,2	7,995	6,13	7,995	61,3
24,3	7,89	6,155	7,89	61,55
24,4	7,785	6,175	7,785	61,75
24,5	7,695	6,205	7,695	62,05
24,6	7,635	6,225	7,635	62,25
24,7	7,62	6,25	7,62	62,5
24,799	7,605	6,28	7,605	62,8
24,9	7,56	6,3	7,56	63
24,999	7,485	6,32	7,485	63,2
25,1	7,41	6,345	7,41	63,45
25,2	7,35	6,37	7,35	63,7
25,299	7,32	6,395	7,32	63,95
25,4	7,29	6,42	7,29	64,2
25,499	7,275	6,44	7,275	64,4
25,6	7,245	6,465	7,245	64,65
25,7	7,23	6,49	7,23	64,9
25,799	7,2	6,515	7,2	65,15
25,899	7,17	6,54	7,17	65,4
26	7,17	6,56	7,17	65,6
26,1	7,17	6,585	7,17	65,85
26,2	7,17	6,61	7,17	66,1
26,3	7,17	6,635	7,17	66,35
26,399	7,2	6,655	7,2	66,55
26,499	7,215	6,68	7,215	66,8
26,6	7,23	6,7	7,23	67
26,7	7,26	6,725	7,26	67,25
26,8	7,29	6,75	7,29	67,5
26,9	7,335	6,775	7,335	67,75
26,999	7,38	6,8	7,38	68
27,099	7,44	6,82	7,44	68,2
27,2	7,5	6,845	7,5	68,45
27,299	7,575	6,87	7,575	68,7
27,399	7,65	6,895	7,65	68,95
27,5	7,725	6,915	7,725	69,15
27,6	7,8	6,935	7,8	69,35
27,7	7,905	6,96	7,905	69,6
27,8	7,98	6,985	7,98	69,85
27,9	8,025	7,01	8,025	70,1
28	8,115	7,03	8,115	70,3
28,1	8,22	7,055	8,22	70,55
28,2	8,325	7,08	8,325	70,8
28,3	8,43	7,1	8,43	71
28,4	8,535	7,12	8,535	71,2
28,5	8,64	7,15	8,64	71,5
28,6	8,745	7,17	8,745	71,7
28,701	8,85	7,195	8,85	71,95
28,8	8,955	7,22	8,955	72,2
28,9	9,06	7,24	9,06	72,4
29	9,165	7,265	9,165	72,65
29,099	9,27	7,29	9,27	72,9
29,2	9,33	7,31	9,33	73,1
29,3	9,435	7,335	9,435	73,35
29,4	9,555	7,355	9,555	73,55
29,499	9,66	7,38	9,66	73,8
29,6	9,75	7,405	9,75	74,05
29,699	9,855	7,425	9,855	74,25
29,8	9,96	7,45	9,96	74,5
29,899	10,065	7,47	10,065	74,7
30	10,14	7,495	10,14	74,95
30,101	10,245	7,515	10,245	75,15
30,201	10,335	7,54	10,335	75,4
30,3	10,41	7,565	10,41	75,65
30,4	10,5	7,585	10,5	75,85
30,5	10,545	7,61	10,545	76,1
30,6	10,605	7,635	10,605	76,35
30,7	10,68	7,66	10,68	76,6
30,799	10,74	7,68	10,74	76,8
30,899	10,83	7,705	10,83	77,05
31	10,905	7,725	10,905	77,25
31,1	10,98	7,75	10,98	77,5
31,199	11,07	7,775	11,07	77,75
31,301	11,145	7,795	11,145	77,95
31,4	11,19	7,82	11,19	78,2
31,5	11,235	7,84	11,235	78,4
31,599	11,265	7,865	11,265	78,65
31,7	11,31	7,885	11,31	78,85
31,799	11,34	7,91	11,34	79,1
31,899	11,415	7,93	11,415	79,3
31,999	11,49	7,95	11,49	79,5
32,099	11,49	7,95	11,49	79,5
32,199	11,475	7,945	11,475	79,45
32,3	11,49	7,95	11,49	79,5
32,4	11,49	7,95	11,49	79,5
32,5	11,49	7,945	11,49	79,45
32,599	11,49	7,945	11,49	79,45
32,699	11,49	7,95	11,49	79,5
32,799	11,49	7,95	11,49	79,5
32,9	11,49	7,95	11,49	79,5
33	11,49	7,945	11,49	79,45
33,1	11,49	7,945	11,49	79,45
33,199	11,49	7,95	11,49	79,5
33,3	11,49	7,945	11,49	79,45
33,4	11,49	7,945	11,49	79,45
33,5	11,505	7,945	11,505	79,45
33,6	11,505	7,945	11,505	79,45
33,699	11,505	7,95	11,505	79,5
33,8	11,505	7,945	11,505	79,45
33,899	11,505	7,945	11,505	79,45
33,999	11,49	7,945	11,49	79,45
34,1	11,49	7,95	11,49	79,5
34,201	11,505	7,945	11,505	79,45
34,301	11,505	7,95	11,505	79,5
34,4	11,505	7,945	11,505	79,45
34,499	11,505	7,945	11,505	79,45
34,599	11,505	7,95	11,505	79,5
34,699	11,49	7,945	11,49	79,45
34,8	11,505	7,945	11,505	79,45
34,9	11,49	7,95	11,49	79,5
35	11,49	7,945	11,49	79,45
35,1	11,505	7,945	11,505	79,45
35,2	11,505	7,95	11,505	79,5
35,3	11,505	7,945	11,505	79,45
35,4	11,505	7,95	11,505	79,5
35,499	11,505	7,95	11,505	79,5
35,599	11,505	7,945	11,505	79,45
35,7	11,505	7,95	11,505	79,5
35,8	11,505	7,945	11,505	79,45
35,899	11,505	7,95	11,505	79,5
36	11,505	7,945	11,505	79,45
36,1	11,52	7,95	11,52	79,5
36,2	11,505	7,945	11,505	79,45
36,3	11,505	7,945	11,505	79,45
36,4	11,505	7,95	11,505	79,5
36,5	11,505	7,95	11,505	79,5
36,6	11,505	7,95	11,505	79,5
36,699	11,505	7,95	11,505	79,5
36,8	11,52	7,95	11,52	79,5
36,9	11,52	7,95	11,52	79,5
36,999	11,505	7,95	11,505	79,5
37,099	11,505	7,95	11,505	79,5
37,199	11,52	7,945	11,52	79,45
37,299	11,52	7,95	11,52	79,5
37,4	11,52	7,945	11,52	79,45
37,5	11,52	7,95	11,52	79,5
37,601	11,505	7,95	11,505	79,5
37,7	11,52	7,95	11,52	79,5
37,8	11,52	7,945	11,52	79,45
37,9	11,52	7,95	11,52	79,5
38	11,52	7,95	11,52	79,5
38,099	11,52	7,95	11,52	79,5
38,2	11,52	7,945	11,52	79,45
38,3	11,52	7,945	11,52	79,45
38,399	11,52	7,95	11,52	79,5
38,5	11,52	7,95	11,52	79,5
38,599	11,52	7,945	11,52	79,45
38,7	11,535	7,945	11,535	79,45
38,799	11,535	7,945	11,535	79,45
38,9	11,535	7,95	11,535	79,5
39,001	11,52	7,95	11,52	79,5
39,1	11,52	7,95	11,52	79,5
39,2	11,52	7,95	11,52	79,5
39,3	11,52	7,95	11,52	79,5
39,401	11,535	7,95	11,535	79,5
39,5	11,535	7,95	11,535	79,5
39,6	11,535	7,95	11,535	79,5
39,7	11,535	7,95	11,535	79,5
39,799	11,535	7,95	11,535	79,5
39,899	11,535	7,945	11,535	79,45
40	11,535	7,95	11,535	79,5
